place(-13.819, 0.970, -11.626, "Brawler", 0)
upgrade(-13.819, 2.441, -11.626, 0)
upgrade(-13.819, 2.441, -11.626, 0)
upgrade(-13.819, 2.441, -11.626, 0)
Ability2(-13.819, 2.441, -11.626, 15.411, 0.970, -13.915, "Reposition")
place(7.272, 0.970, -16.051, "Hacker", 0)
upgrade(7.272, 2.373, -16.051, 0)
upgrade(7.272, 2.373, -16.051, 0)
upgrade(7.272, 2.373, -16.051, 0)
upgrade(7.272, 2.373, -16.051, 0)
upgrade(7.272, 2.373, -16.051, 0)
Ability3(7.272, 2.373, -16.051, 15.411, 2.441, -13.915, 8.476, 0.970, -23.148, "Hologram Tower")
place(-17.286, 0.970, -7.588, "Military Base", 0)
upgrade(-17.286, 1.832, -7.588, 0)
upgrade(-17.286, 1.832, -7.588, 0)
upgrade(-17.286, 1.832, -7.588, 0)
upgrade(-17.286, 1.832, -7.588, 0)
Ability1(-17.286, 1.832, -7.588, "1", 6.150, 1.125, -30.544, 159.2298155426979, "Airstrike")
place(-14.496, 0.970, -15.300, "Mercenary Base", 0)
upgrade(-14.496, 3.439, -15.300, 0)
upgrade(-14.496, 3.439, -15.300, 0)
upgrade(-14.496, 3.439, -15.300, 0)
upgrade(-14.496, 3.439, -15.300, 0)
upgrade(-14.496, 3.439, -15.300, 0)
upgrade(-14.496, 3.439, -15.300, 0)
SetTower(-14.496, 3.439, -15.300, "Riot Guard", "Unit 1")
Ability1(-14.496, 3.439, -15.300, "1", -9.170, 1.125, -19.354, false, "Air-Drop")
